eval_accuracy = 0.810209701334463
eval_loss = 0.5133739671505085
global_step = 357
loss = 0.14764753769801445
