eval_accuracy = 0.813492904045753
eval_loss = 0.5097257217233031
global_step = 357
loss = 0.14345242444644957
